x 2
z 2
16 16
6 2 2 2 2 2 2 2 2 2 2 2 2 2 2 6 
4 0 0 0 0 0 0 0 0 0 0 0 0 0 0 4 
4 0 0 0 0 0 0 0 0 0 0 0 0 0 0 4 
4 0 0 0 0 0 0 0 0 0 0 0 0 0 0 4 
4 0 0 0 0 0 0 0 0 0 0 0 0 0 0 4 
4 0 0 0 0 0 0 0 0 0 0 0 0 0 0 4 
4 0 0 0 0 0 0 0 0 0 0 0 0 0 0 4 
4 0 0 0 0 0 0 0 0 0 0 0 0 0 0 4 
4 0 0 0 0 0 0 0 0 0 0 0 0 0 0 4 
4 0 0 0 0 0 0 0 0 0 0 0 0 0 0 4 
4 0 0 0 0 0 0 0 0 0 0 0 0 0 0 4 
4 0 0 0 0 0 0 0 0 0 0 0 0 0 0 4 
4 0 0 0 0 0 0 0 0 0 0 0 0 0 0 4 
4 0 0 0 0 0 0 0 0 0 0 0 0 0 0 4 
4 0 0 0 0 0 0 0 0 0 0 0 0 0 0 4 
4 0 0 0 0 0 0 0 0 0 0 0 0 0 0 4 
6 2 2 2 2 2 2 2 2 2 2 2 2 2 2 6 

